0
-20
-220
-1
0
280
-120
260
-120
240
-120
220
-120
200
-120
180
-120
160
-120
160
-100
140
-100
120
-100
100
-100
100
-100
80
-100
60
-100
40
-100
20
-100
0
-100
0
-120
0
-140
0
-160
0
-180
20
-180
40
-180
60
-180
80
-180
100
-180
120
-180
140
-180
160
-180
180
-180
200
-180
220
-180
240
-180
260
-180
280
-180
300
-180
300
-200
300
-220
300
-240
300
-260
300
-280
300
-300
280
-300
260
-300
240
-300
220
-300
200
-300
180
-300
160
-300
140
-300
120
-300
100
-300
100
-280
120
-280
140
-280
160
-280
180
-280
200
-280
220
-280
240
-280
260
-280
280
-280
280
-260
280
-240
280
-220
280
-200
280
-200
260
-200
240
-200
220
-200
200
-200
180
-200
160
-200
140
-200
120
-200
100
-200
80
-200
80
-220
80
-240
60
-240
